4294967294,0
4294967278,341
400,138
400,201
4294967279,267
400,44
397,56
4294967278,332
400,140
398,121
396,50
396,49
400,200
397,35
397,99
400,55
4294967278,337
400,199
400,117
396,78
400,22
398,120
400,198
4294967279,261
4294967278,335
400,133
4294967279,258
400,116
397,98
400,197
4294967279,257
400,41
397,193
398,119
397,15
400,164
400,21
400,163
400,13
400,162
400,135
400,115
396,77
398,118
397,97
4294967279,256
400,196
400,139
400,114
400,161
400,136
398,117
400,160
400,132
400,195
400,194
400,131
400,37
397,96
400,159
400,129
396,76
400,113
400,158
400,128
398,116
400,157
400,23
400,156
400,134
400,193
397,95
400,112
398,115
400,155
400,38
400,154
400,39
400,130
400,153
396,75
400,58
400,111
398,114
397,94
397,0
400,110
400,109
400,0
396,48
400,192
400,9
398,113
397,192
397,10
397,93
396,74
400,152
400,14
400,108
398,112
397,92
398,111
400,107
396,73
398,110
397,91
400,151
400,40
400,106
398,109
397,90
396,72
398,108
400,105
397,89
4294967278,319
4294967278,318
398,107
396,71
400,104
398,106
397,88
400,103
396,47
398,105
400,102
396,70
397,87
400,101
398,104
397,86
400,100
398,103
396,69
398,102
397,85
400,99
4294967278,329
398,101
396,68
400,98
397,84
400,97
398,100
397,83
398,99
396,67
400,96
398,98
400,95
397,82
396,45
398,97
396,66
400,94
4294967278,328
397,81
4294967278,327
398,96
400,93
400,150
400,17
4294967278,326
397,80
398,95
396,65
396,0
400,92
398,94
397,79
397,133
397,43
396,64
400,91
398,93
397,78
398,92
397,132
400,149
400,148
400,15
397,45
4294967278,324
400,90
397,77
396,46
400,57
398,91
400,89
4294967278,322
396,40
397,76
398,90
397,131
400,88
397,25
397,130
397,41
396,44
397,129
4294967278,321
4294967278,338
400,87
398,89
397,14
397,128
397,75
397,40
4294967279,254
398,88
400,86
4294967278,284
397,63
397,74
397,23
396,43
400,147
400,146
400,54
398,87
400,53
397,62
397,37
400,85
397,73
398,86
397,61
397,20
400,145
4294967278,320
396,42
398,85
400,144
397,72
400,51
400,84
398,84
400,143
400,10
396,41
397,71
398,83
400,142
400,83
400,28
400,82
396,35
400,141
400,27
397,70
398,82
396,39
400,81
398,81
397,69
397,60
398,80
397,9
397,59
397,21
397,58
396,38
400,80
397,34
4294967278,254
397,68
398,79
400,79
397,57
397,31
4294967278,255
397,67
398,78
400,78
400,137
396,37
400,20
397,55
4294967278,174
400,77
398,77
397,66
4294967278,228
400,76
398,76
396,36
400,75
397,65
400,42
398,75
396,30
4294967278,243
4294967278,241
400,74
397,64
398,74
397,54
396,34
4294967278,231
398,73
397,53
4294967278,233
4294967278,234
400,73
398,72
396,33
400,72
397,52
400,71
398,71
400,70
397,51
398,70
4294967278,160
4294967278,239
396,32
4294967279,432
4294967278,229
400,69
398,69
397,50
4294967278,235
4294967278,227
400,68
398,68
396,31
397,49
398,67
396,25
400,67
397,48
396,29
398,66
400,66
400,65
398,65
398,0
397,47
400,64
396,28
398,64
397,46
400,63
398,36
396,27
397,44
398,35
400,62
400,61
400,60
398,34
400,59
397,42
396,26
398,33
397,39
400,56
396,20
4294967279,406
398,32
396,24
400,52
397,38
398,31
400,50
4294967279,402
398,30
397,36
396,23
400,49
398,29
400,48
397,33
398,28
4294967279,397
400,47
396,22
397,32
398,27
400,46
400,45
400,43
398,26
397,30
396,21
398,25
396,15
397,29
400,36
398,24
396,19
397,28
398,23
400,35
400,34
398,22
397,27
396,18
400,33
400,32
398,21
397,26
4294967279,247
398,20
396,17
397,24
400,31
398,19
400,30
400,29
398,18
397,22
396,16
400,26
4294967278,167
398,17
396,12
397,19
400,25
400,24
398,16
396,14
4294967279,229
397,18
398,15
4294967279,228
396,13
398,14
397,17
4294967279,227
400,19
400,18
396,11
396,5
398,13
397,16
396,10
398,12
400,16
4294967279,216
397,13
398,11
400,5
400,12
396,9
397,12
398,10
4294967279,206
398,9
397,11
400,11
397,5
400,6
4294967279,203
4294967279,202
396,8
398,8
4294967279,201
4294967279,199
4294967279,198
397,8
396,7
396,6
4294967279,195
400,8
400,7
398,7
397,7
397,6
398,6
398,5
4294967279,193
4294967294,426
4294967294,394
4294967294,24
4294967294,36
4294967294,39
4294967294,25
4294967294,42
4294967294,99
402,85
402,84
402,83
402,82
402,81
402,80
402,79
402,78
402,77
402,76
402,75
402,74
402,73
402,72
402,71
402,70
402,69
402,68
402,67
402,66
402,65
402,0
402,64
402,36
402,35
402,34
402,33
402,32
402,31
402,30
402,29
402,28
402,27
402,26
402,25
402,24
402,23
402,22
402,21
402,20
402,19
402,18
402,17
402,16
402,15
402,14
402,13
402,12
402,11
402,10
402,9
402,8
402,7
402,6
402,5
4294967294,41
403,14
403,11
403,13
403,12
403,10
403,5
403,9
403,8
403,7
403,6
4294967294,52
403,4
403,3
403,2
403,1
402,4
402,3
402,2
402,1
401,4
401,3
401,2
401,1
4294967294,473
400,4
400,3
400,2
400,1
399,4
399,3
399,2
399,1
4294967294,1420
4294967294,83
398,4
398,3
398,2
398,1
397,4
397,3
397,2
397,1
396,4
396,3
396,2
396,1
392,137
392,136
392,135
392,118
389,57
392,200
388,50
388,49
392,199
392,46
389,99
392,26
392,198
392,134
389,194
389,33
388,78
390,120
4294967279,184
4294967279,181
392,117
392,161
389,98
392,132
392,197
392,10
392,196
392,44
390,119
392,195
392,194
392,17
392,27
392,193
392,116
392,23
392,160
392,41
388,77
4294967278,358
390,118
389,97
392,115
392,159
392,129
4294967279,403
390,117
392,114
392,158
389,96
392,22
388,76
390,116
392,113
389,95
390,115
392,157
392,130
392,112
388,75
392,156
392,0
392,128
390,114
389,94
392,192
392,111
392,42
390,113
392,155
388,47
392,36
4294967279,401
392,110
389,93
388,74
390,112
4294967279,399
392,109
389,92
392,154
390,111
392,14
4294967279,319
388,73
392,108
4294967279,318
390,110
389,91
4294967279,317
392,153
392,37
390,109
392,107
392,152
389,90
4294967279,315
388,72
390,108
392,57
392,106
389,89
390,107
389,193
388,71
389,28
392,151
392,20
390,106
389,88
389,0
392,105
389,192
388,48
389,51
390,105
388,70
389,87
4294967278,250
392,104
390,104
4294967279,306
389,86
390,103
388,69
392,103
390,102
389,85
392,102
390,101
388,68
392,101
389,84
390,100
389,133
389,10
389,83
389,132
389,48
4294967279,386
390,99
4294967278,225
388,67
4294967279,388
4294967278,223
392,100
392,99
390,98
389,82
4294967278,221
388,45
4294967279,293
4294967279,252
4294967279,251
392,98
4294967278,220
4294967278,187
390,97
388,66
4294967278,191
4294967279,245
389,81
4294967278,182
390,96
4294967279,233
4294967278,209
392,97
392,96
389,80
389,131
389,44
390,95
388,65
388,0
4294967278,206
4294967278,198
4294967278,169
389,79
390,94
4294967278,166
392,95
4294967278,147
4294967278,262
4294967278,195
4294967279,283
388,64
390,93
4294967278,148
389,78
392,94
4294967278,194
4294967279,278
390,92
392,93
389,77
389,130
388,46
389,26
390,91
4294967279,225
389,129
389,42
392,92
389,128
389,23
388,40
392,150
389,76
390,90
392,91
392,24
388,44
390,89
392,90
389,75
389,63
389,15
392,149
4294967278,145
390,88
4294967279,215
4294967278,144
392,54
4294967279,543
389,74
4294967278,140
388,43
392,89
4294967278,133
390,87
392,148
4294967278,137
4294967279,275
392,88
4294967278,435
392,147
392,146
392,49
4294967279,211
389,73
390,86
4294967278,173
392,15
4294967278,219
392,145
392,144
392,48
388,42
392,87
392,55
4294967278,434
389,62
390,85
392,143
389,9
389,61
392,86
392,9
389,72
389,37
4294967278,414
4294967279,160
4294967278,159
4294967279,222
4294967279,146
4294967278,323
390,84
4294967278,217
392,85
4294967279,550
4294967279,268
388,41
389,71
392,84
390,83
4294967278,444
389,60
4294967278,430
389,21
4294967278,445
4294967278,443
4294967279,264
4294967278,141
388,35
4294967279,561
389,70
4294967278,431
390,82
4294967278,418
392,142
392,141
388,39
4294967279,541
4294967279,539
392,83
392,82
392,81
4294967278,433
392,140
390,81
392,45
4294967278,432
4294967278,410
389,69
4294967278,317
4294967278,416
392,80
389,59
389,38
390,80
4294967278,428
4294967278,427
392,79
4294967279,232
4294967279,424
4294967279,226
4294967279,423
4294967279,220
4294967279,218
4294967278,447
4294967279,280
4294967279,214
392,139
4294967279,213
4294967279,212
389,58
4294967279,210
4294967279,209
4294967279,540
4294967279,208
4294967279,207
4294967279,205
4294967279,204
4294967279,555
4294967279,391
388,38
4294967278,260
389,35
389,68
392,138
4294967278,136
392,78
390,79
392,47
392,13
392,77
4294967278,274
4294967278,440
4294967279,542
4294967279,565
4294967278,315
4294967279,559
4294967278,390
4294967279,557
4294967278,386
392,133
389,67
390,78
4294967279,398
389,20
389,56
388,37
392,76
4294967278,373
4294967278,372
390,77
392,75
389,66
389,55
4294967278,421
389,14
392,74
390,76
4294967279,316
392,131
388,36
389,65
4294967278,305
390,75
392,73
4294967279,427
388,30
4294967278,439
4294967278,412
4294967279,558
4294967279,530
4294967278,368
4294967278,172
389,64
4294967279,172
4294967278,394
4294967278,170
4294967278,405
392,72
4294967279,170
4294967279,169
4294967278,168
4294967278,406
4294967279,168
4294967278,423
4294967278,165
4294967279,166
4294967279,167
4294967278,164
4294967279,165
4294967279,408
4294967278,216
390,74
4294967278,162
4294967278,161
4294967279,163
4294967278,215
4294967279,162
4294967279,405
4294967279,159
4294967278,158
4294967279,158
4294967278,157
4294967278,156
4294967278,155
4294967279,156
4294967279,155
4294967278,154
4294967278,153
4294967279,154
4294967279,523
4294967278,152
4294967278,438
4294967278,151
4294967279,152
4294967279,151
388,34
4294967278,310
4294967279,422
4294967279,538
4294967278,293
4294967278,309
390,73
4294967278,365
389,54
392,71
4294967278,270
4294967279,564
4294967279,190
4294967279,562
4294967279,545
4294967278,308
390,72
4294967278,426
4294967279,421
388,33
4294967278,290
392,70
4294967278,307
4294967278,272
4294967278,355
389,53
4294967278,283
4294967278,306
4294967278,363
392,69
4294967279,556
390,71
389,52
4294967279,138
4294967279,536
390,70
388,32
392,68
4294967278,303
4294967278,419
392,67
4294967278,302
390,69
389,50
4294967278,150
4294967279,223
4294967278,149
4294967279,149
4294967278,325
4294967279,148
4294967278,356
4294967278,146
4294967279,145
4294967278,399
4294967279,144
4294967279,534
4294967278,142
4294967279,142
4294967279,141
4294967278,396
4294967278,139
4294967279,514
4294967279,139
4294967278,138
4294967278,389
4294967278,276
4294967279,137
4294967279,279
4294967279,136
4294967278,404
4294967278,420
4294967278,379
4294967278,370
4294967279,431
4294967278,269
4294967278,301
392,66
390,68
388,31
4294967279,447
4294967279,526
392,65
4294967278,425
4294967278,424
4294967278,371
4294967279,390
389,49
4294967279,409
390,67
388,25
4294967278,391
4294967278,297
4294967278,300
392,64
4294967279,419
4294967279,174
4294967279,418
4294967278,267
4294967279,544
389,47
388,29
390,66
4294967279,527
4294967278,135
4294967278,134
4294967279,133
4294967278,403
4294967279,396
4294967279,547
4294967279,392
390,65
390,0
392,63
4294967279,411
389,46
4294967279,134
4294967278,360
4294967279,290
4294967278,271
4294967279,282
4294967278,398
4294967279,274
4294967279,273
4294967278,359
4294967278,268
4294967279,272
4294967279,271
4294967278,411
4294967279,270
4294967279,269
4294967278,266
4294967278,265
4294967278,397
4294967279,287
4294967279,520
4294967278,264
4294967278,263
4294967279,266
4294967279,265
4294967279,519
4294967278,278
4294967279,263
4294967278,259
4294967278,258
4294967279,262
4294967278,257
4294967279,259
4294967279,284
4294967279,529
4294967278,354
4294967279,442
4294967278,352
4294967278,350
4294967279,440
4294967278,348
4294967279,528
4294967279,518
4294967279,524
392,62
4294967278,256
388,28
4294967279,438
390,64
4294967278,299
4294967278,279
389,45
4294967279,135
4294967279,400
4294967279,560
392,61
390,36
4294967279,420
4294967279,548
392,60
4294967279,416
388,27
389,43
4294967278,298
390,35
4294967278,288
392,59
4294967279,436
392,58
4294967293,131
4294967293,130
4294967293,129
4294967293,128
4294967293,127
4294967293,126
4294967293,125
4294967293,124
4294967293,123
4294967293,122
4294967293,121
4294967293,120
4294967293,119
4294967293,118
4294967293,117
4294967293,116
4294967293,115
4294967293,114
4294967293,113
4294967293,112
4294967293,111
4294967293,110
4294967293,109
4294967293,108
4294967293,107
4294967293,106
4294967293,105
4294967293,104
4294967293,103
4294967293,102
4294967293,101
4294967293,100
4294967293,99
4294967293,98
4294967293,97
4294967293,96
4294967293,95
4294967293,94
4294967293,93
4294967293,92
4294967293,91
4294967293,90
4294967293,89
4294967293,87
4294967293,86
4294967293,85
4294967293,84
4294967293,83
4294967293,82
4294967293,81
4294967293,80
4294967293,79
4294967293,78
4294967293,77
4294967293,76
4294967293,75
4294967293,74
4294967293,73
4294967293,72
4294967293,71
4294967293,70
4294967293,69
4294967293,68
4294967293,67
4294967293,66
4294967293,65
4294967293,64
4294967293,63
4294967293,62
4294967293,61
4294967293,60
4294967293,59
4294967293,58
4294967293,57
4294967293,56
4294967293,55
4294967293,54
4294967293,53
4294967293,52
4294967293,51
4294967293,50
4294967293,49
4294967293,48
4294967293,47
4294967293,46
4294967293,45
4294967293,44
4294967293,43
4294967293,42
4294967293,41
4294967293,40
4294967293,39
4294967293,38
4294967293,37
4294967293,36
4294967293,35
4294967293,34
4294967293,33
4294967293,32
4294967293,31
4294967293,30
4294967293,29
4294967293,28
4294967293,27
4294967293,26
4294967293,25
4294967293,24
4294967293,23
4294967293,22
4294967293,21
4294967293,20
4294967293,19
4294967293,18
4294967293,17
4294967293,16
4294967293,15
4294967293,14
4294967293,13
4294967293,12
4294967293,11
4294967293,10
4294967293,9
4294967293,8
4294967293,7
4294967293,6
4294967293,5
4294967293,4
4294967293,3
4294967279,111
4294967279,110
4294967279,109
4294967279,108
4294967279,107
4294967279,106
4294967279,105
4294967279,104
4294967279,103
4294967279,102
4294967279,101
4294967279,100
4294967279,99
4294967279,98
4294967279,97
4294967279,96
4294967279,95
4294967279,94
4294967279,93
4294967279,92
4294967279,91
4294967279,90
4294967279,89
4294967279,87
4294967279,86
4294967279,85
390,34
4294967278,296
4294967279,239
389,41
4294967279,410
4294967278,281
4294967279,553
4294967278,345
4294967279,437
4294967278,344
4294967279,525
4294967278,280
4294967279,413
4294967279,255
4294967278,349
4294967278,339
4294967278,362
388,26
4294967278,273
390,33
392,56
4294967279,415
4294967279,551
389,40
4294967279,116
388,20
4294967279,407
4294967278,347
4294967279,253
4294967278,252
4294967279,250
4294967279,249
4294967278,248
4294967279,248
4294967278,246
4294967279,246
4294967278,244
4294967279,117
4294967278,242
4294967279,244
4294967279,242
4294967278,240
4294967278,238
4294967279,240
4294967279,238
4294967278,237
390,32
4294967278,236
4294967279,237
4294967279,236
4294967279,234
4294967278,409
4294967278,232
4294967278,230
4294967279,517
4294967278,408
392,53
4294967279,546
4294967279,441
388,24
389,39
390,31
392,52
392,51
4294967279,512
4294967279,115
4294967279,114
4294967279,113
4294967279,112
4294967278,295
392,50
4294967279,521
4294967278,294
390,30
4294967279,445
389,36
388,23
4294967278,376
390,29
4294967278,366
4294967278,185
4294967278,21
4294967278,20
4294967278,19
4294967278,18
4294967278,17
4294967278,16
4294967278,15
4294967278,14
4294967278,13
4294967278,12
4294967278,11
4294967278,10
4294967278,9
4294967278,8
4294967278,7
4294967278,6
4294967278,5
4294967278,4
4294967279,132
4294967279,131
4294967279,130
4294967279,129
4294967279,128
4294967279,127
4294967279,126
4294967279,125
4294967279,124
4294967279,123
4294967279,122
4294967279,121
4294967279,120
4294967279,119
4294967279,118
4294967279,291
4294967278,415
389,34
